3386753562 128
3388688431 183
3377093606 48
3388792023 26
3388792023 78
3355476569 137
3386753562 86
3377093606 151
3340689266 82
3340689266 81
3340689266 45
3345254744 64
3377093606 22
3356106320 106
3345254744 118
3355476569 100
3352289736 10
3356106320 55
3352289736 195
3353194784 184
3377093606 89
3340689266 93
3340689266 148
3388688431 127
3356106320 197
3340689266 169
3352289736 93
3356106320 51
3377093606 179
3356106320 30
3388688431 156
3388688431 49
3386753562 158
3386753562 166
3353194784 171
3353194784 177
3355476569 176
3377093606 180
3356106320 64
3355476569 148
3377093606 21
3388688431 54
3345254744 56
3377093606 171
3356106320 159
3345254744 82
3352289736 76
3388688431 183
3377093606 24
3340689266 93
